--------------------
Cycle 1:	64	LDUR X9, [XZR, #124]

Registers
X00:	0	0	0	0	0	0	0	0
X08:	0	136	0	0	0	0	0	0
X16:	0	0	0	0	0	0	0	0
X24:	0	0	0	0	0	0	0	0

Data
124:	136	156 	4	1	2	2	4	2
156:	-8	0	-10	0	

--------------------
Cycle 2:	68	LDUR X10, [XZR, #128]	

Registers
X00:	0	0	0	0	0	0	0	0
X08:	0	136	156	0	0	0	0	0
X16:	0	0	0	0	0	0	0	0
X24:	0	0	0	0	0	0	0	0

Data
124:	136	156 	4	1	2	2	4	2
156:	-8	0	-10	0	

--------------------
Cycle 3:	72	LDUR X11, [XZR, #132]

Registers
X00:	0	0	0	0	0	0	0	0
X08:	0	136	156	4	0	0	0	0
X16:	0	0	0	0	0	0	0	0
X24:	0	0	0	0	0	0	0	0

Data
124:	136	156 	4	1	2	2	4	2
156:	-8	0	-10	0	

--------------------
Cycle 4:	76	LDUR X12, [X9, #0]

Registers
X00:	0	0	0	0	0	0	0	0
X08:	0	136	156	4	1	0	0	0
X16:	0	0	0	0	0	0	0	0
X24:	0	0	0	0	0	0	0	0

Data
124:	136	156 	4	1	2	2	4	2
156:	-8	0	-10	0	

--------------------
Cycle 5:	80	LDUR X13, [X10, #0]

Registers
X00:	0	0	0	0	0	0	0	0
X08:	0	136	156	4	1	-8	0	0
X16:	0	0	0	0	0	0	0	0
X24:	0	0	0	0	0	0	0	0

Data
124:	136	156 	4	1	2	2	4	2
156:	-8	0	-10	0	

--------------------
Cycle 6:	84	CBZ X13, #3

Registers
X00:	0	0	0	0	0	0	0	0
X08:	0	136	156	4	1	-8	0	0
X16:	0	0	0	0	0	0	0	0
X24:	0	0	0	0	0	0	0	0

Data
124:	136	156 	4	1	2	2	4	2
156:	-8	0	-10	0	

--------------------
Cycle 7:	88	LDUR X14,[XZR, #152]

Registers
X00:	0	0	0	0	0	0	0	0
X08:	0	136	156	4	1	-8	2	0
X16:	0	0	0	0	0	0	0	0
X24:	0	0	0	0	0	0	0	0

Data
124:	136	156 	4	1	2	2	4	2
156:	-8	0	-10	0	

--------------------
Cycle 8:	92	LSL X12, X12, X14

Registers
X00:	0	0	0	0	0	0	0	0
X08:	0	136	156	4	4	-8	2	0
X16:	0	0	0	0	0	0	0	0
X24:	0	0	0	0	0	0	0	0

Data
124:	136	156 	4	1	2	2	4	2
156:	-8	0	-10	0	

--------------------
Cycle 9:	96	ADD X15, X12, X13

Registers
X00:	0	0	0	0	0	0	0	0
X08:	0	136	156	4	4	-8	2	-4
X16:	0	0	0	0	0	0	0	0
X24:	0	0	0	0	0	0	0	0

Data
124:	136	156 	4	1	2	2	4	2
156:	-8	0	-10	0	

--------------------
Cycle 10:	100	STUR X15, [X9, #0]

Registers
X00:	0	0	0	0	0	0	0	0
X08:	0	136	156	4	4	-8	2	-4	
X16:	0	0	0	0	0	0	0	0
X24:	0	0	0	0	0	0	0	0

Data
124:	136	156 	4	-4	2	2	4	2
156:	-8	0	-10	0	

--------------------
Cycle 11:	104	ADDI X9, X9, #4

Registers
X00:	0	0	0	0	0	0	0	0
X08:	0	140	156	4	4	-8	2	-4	
X16:	0	0	0	0	0	0	0	0
X24:	0	0	0	0	0	0	0	0

Data
124:	136	156 	4	-4	2	2	4	2
156:	-8	0	-10	0	

--------------------
Cycle 12:	108	ADDI X10, X10, #4

Registers
X00:	0	0	0	0	0	0	0	0
X08:	0	140	160	4	4	-8	2	-4	
X16:	0	0	0	0	0	0	0	0
X24:	0	0	0	0	0	0	0	0

Data
124:	136	156 	4	-4	2	2	4	2
156:	-8	0	-10	0	

--------------------
Cycle 13:	112	SUBI X11, X11, #1

Registers
X00:	0	0	0	0	0	0	0	0
X08:	0	140	160	3	4	-8	2       -4	
X16:	0	0	0	0	0	0	0	0
X24:	0	0	0	0	0	0	0	0

Data
124:	136	156 	4	-4	2	2	4	2
156:	-8	0	-10	0	

--------------------
Cycle 14:	116	CBNZ X11, #-10

Registers
X00:	0	0	0	0	0	0	0	0
X08:	0	140	160	3	4	-8	2	-4
X16:	0	0	0	0	0	0	0	0
X24:	0	0	0	0	0	0	0	0

Data
124:	136	156 	4	-4	2	2	4	2
156:	-8	0	-10	0	

--------------------
Cycle 15:	76	LDUR X12, [X9, #0]

Registers
X00:	0	0	0	0	0	0	0	0
X08:	0	140	160	3	2	-8	2	-4
X16:	0	0	0	0	0	0	0	0
X24:	0	0	0	0	0	0	0	0

Data
124:	136	156 	4	-4	2	2	4	2
156:	-8	0	-10	0	

--------------------
Cycle 16:	80	LDUR X13, [X10, #0]

Registers
X00:	0	0	0	0	0	0	0	0
X08:	0	140	160	3	2	0	2	-4	
X16:	0	0	0	0	0	0	0	0
X24:	0	0	0	0	0	0	0	0

Data
124:	136	156 	4	-4	2	2	4	2
156:	-8	0	-10	0	

--------------------
Cycle 17:	84	CBZ X13, #3

Registers
X00:	0	0	0	0	0	0	0	0
X08:	0	140	160	3	2	0	2	-4
X16:	0	0	0	0	0	0	0	0
X24:	0	0	0	0	0	0	0	0

Data
124:	136	156 	4	-4	2	2	4	2
156:	-8	0	-10	0	

--------------------
Cycle 18:	96	ADD X15, X12, X13

Registers
X00:	0	0	0	0	0	0	0	0
X08:	0	140	160	3	2	0	2	2
X16:	0	0	0	0	0	0	0	0
X24:	0	0	0	0	0	0	0	0

Data
124:	136	156 	4	-4	2	2	4	2
156:	-8	0	-10	0	

--------------------
Cycle 19:	100	STUR X15, [X9, #0]

Registers
X00:	0	0	0	0	0	0	0	0
X08:	0	140	160	3	2	0	2	2
X16:	0	0	0	0	0	0	0	0
X24:	0	0	0	0	0	0	0	0

Data
124:	136	156 	4	-4	2	2	4	2
156:	-8	0	-10	0	

--------------------
Cycle 20:	104	ADDI X9, X9, #4

Registers
X00:	0	0	0	0	0	0	0	0
X08:	0	144	160	3	2	0	2	2
X16:	0	0	0	0	0	0	0	0
X24:	0	0	0	0	0	0	0	0

Data
124:	136	156 	4	-4	2	2	4	2
156:	-8	0	-10	0	

--------------------
Cycle 21:	108	ADDI X10, X10, #4

Registers
X00:	0	0	0	0	0	0	0	0
X08:	0	144	164	3	2	0	2	2
X16:	0	0	0	0	0	0	0	0
X24:	0	0	0	0	0	0	0	0

Data
124:	136	156 	4	-4	2	2	4	2
156:	-8	0	-10	0	

--------------------
Cycle 22:	112	SUBI X11, X11, #1

Registers
X00:	0	0	0	0	0	0	0	0
X08:	0	144	164	2	2	0	2	2
X16:	0	0	0	0	0	0	0	0
X24:	0	0	0	0	0	0	0	0

Data
124:	136	156 	4	-4	2	2	4	2
156:	-8	0	-10	0	

--------------------
Cycle 23:	116	CBNZ X11, #-10

Registers
X00:	0	0	0	0	0	0	0	0
X08:	0	144	164	2	2	0	2	2
X16:	0	0	0	0	0	0	0	0
X24:	0	0	0	0	0	0	0	0

Data
124:	136	156 	4	-4	2	2	4	2
156:	-8	0	-10	0	

--------------------
Cycle 24:	76	LDUR X12, [X9, #0]

Registers
X00:	0	0	0	0	0	0	0	0
X08:	0	144	164	2	2	0	2	2
X16:	0	0	0	0	0	0	0	0
X24:	0	0	0	0	0	0	0	0

Data
124:	136	156 	4	-4	2	2	4	2
156:	-8	0	-10	0	

--------------------
Cycle 25:	80	LDUR X13, [X10, #0]

Registers
X00:	0	0	0	0	0	0	0	0
X08:	0	144	164	2	2	-10	2	2
X16:	0	0	0	0	0	0	0	0
X24:	0	0	0	0	0	0	0	0

Data
124:	136	156 	4	-4	2	2	4	2
156:	-8	0	-10	0	

--------------------
Cycle 26:	84	CBZ X13, #3

Registers
X00:	0	0	0	0	0	0	0	0
X08:	0	144	164	2	2	-10	2	2
X16:	0	0	0	0	0	0	0	0
X24:	0	0	0	0	0	0	0	0

Data
124:	136	156 	4	-4	2	2	4	2
156:	-8	0	-10	0	

--------------------
Cycle 27:	88	LDUR X14, [XZR, #152]

Registers
X00:	0	0	0	0	0	0	0	0
X08:	0	144	164	2	2	-10	2	2
X16:	0	0	0	0	0	0	0	0
X24:	0	0	0	0	0	0	0	0

Data
124:	136	156 	4	-4	2	2	4	2
156:	-8	0	-10	0	

--------------------
Cycle 28:	92	LSL X12, X12, X14

Registers
X00:	0	0	0	0	0	0	0	0
X08:	0	144	164	2	8	-10	2	2
X16:	0	0	0	0	0	0	0	0
X24:	0	0	0	0	0	0	0	0

Data
124:	136	156 	4	-4	2	2	4	2
156:	-8	0	-10	0	

--------------------
Cycle 29:	96	ADD X15, X12, X13

Registers
X00:	0	0	0	0	0	0	0	0
X08:	0	144	164	2	8	-10	2	-2
X16:	0	0	0	0	0	0	0	0
X24:	0	0	0	0	0	0	0	0

Data
124:	136	156 	4	-4	2	2	4	2
156:	-8	0	-10	0	

--------------------
Cycle 30:	100	STUR X15, [X9, #0]	

Registers
X00:	0	0	0	0	0	0	0	0
X08:	0	144	164	2	8	-10	2	-2
X16:	0	0	0	0	0	0	0	0
X24:	0	0	0	0	0	0	0	0

Data
124:	136	156 	4	-4	2	-2	4	2
156:	-8	0	-10	0	

--------------------
Cycle 31:	104	ADDI X9, X9, #4

Registers
X00:	0	0	0	0	0	0	0	0
X08:	0	148	164	2	8	-10	2	-2
X16:	0	0	0	0	0	0	0	0
X24:	0	0	0	0	0	0	0	0

Data
124:	136	156 	4	-4	2	-2	4	2
156:	-8	0	-10	0	

--------------------
Cycle 32:	108	ADDI X10, X10, #4

Registers
X00:	0	0	0	0	0	0	0	0
X08:	0	148	168	2	8	-10	2	-2
X16:	0	0	0	0	0	0	0	0
X24:	0	0	0	0	0	0	0	0

Data
124:	136	156 	4	-4	2	-2	4	2
156:	-8	0	-10	0	

--------------------
Cycle 33:	112	SUBI X11, X11, #1

Registers
X00:	0	0	0	0	0	0	0	0
X08:	0	148	168	1	8	-10	2	-2
X16:	0	0	0	0	0	0	0	0
X24:	0	0	0	0	0	0	0	0

Data
124:	136	156 	4	-4	2	-2	4	2
156:	-8	0	-10	0	

--------------------
Cycle 34:	116	CBNZ X11, #-10

Registers
X00:	0	0	0	0	0	0	0	0
X08:	0	148	168	1	8	-10	2	-2
X16:	0	0	0	0	0	0	0	0
X24:	0	0	0	0	0	0	0	0

Data
124:	136	156 	4	-4	2	-2	4	2
156:	-8	0	-10	0	

--------------------
Cycle 35:	76	LDUR X12, [X9, #0]

Registers
X00:	0	0	0	0	0	0	0	0
X08:	0	148	168	1	4	-10	2	-2
X16:	0	0	0	0	0	0	0	0
X24:	0	0	0	0	0	0	0	0

Data
124:	136	156 	4	-4	2	-2	4	2
156:	-8	0	-10	0	

--------------------
Cycle 36:	80	LDUR X13, [X10, #0]

Registers
X00:	0	0	0	0	0	0	0	0
X08:	0	148	168	1	4	0	2	-2
X16:	0	0	0	0	0	0	0	0
X24:	0	0	0	0	0	0	0	0

Data
124:	136	156 	4	-4	2	-2	4	2
156:	-8	0	-10	0	

--------------------
Cycle 37:	84	CBZ X13, #3

Registers
X00:	0	0	0	0	0	0	0	0
X08:	0	148	168	1	4	0	2	-2
X16:	0	0	0	0	0	0	0	0
X24:	0	0	0	0	0	0	0	0

Data
124:	136	156 	4	-4	2	-2	4	2
156:	-8	0	-10	0	

--------------------
Cycle 38:	96	ADD X15, X12, X13

Registers
X00:	0	0	0	0	0	0	0	0
X08:	0	148	168	1	4	0	2	4
X16:	0	0	0	0	0	0	0	0
X24:	0	0	0	0	0	0	0	0

Data
124:	136	156 	4	-4	2	-2	4	2
156:	-8	0	-10	0	

--------------------
Cycle 39:	100	STUR X15, [X9, #0]

Registers
X00:	0	0	0	0	0	0	0	0
X08:	0	148	168	1	4	0	2	4
X16:	0	0	0	0	0	0	0	0
X24:	0	0	0	0	0	0	0	0

Data
124:	136	156 	4	-4	2	-2	4	2
156:	-8	0	-10	0	

--------------------
Cycle 40:	104	ADDI X9, X9, #4

Registers
X00:	0	0	0	0	0	0	0	0
X08:	0	152	168	1	4	0	2	4
X16:	0	0	0	0	0	0	0	0
X24:	0	0	0	0	0	0	0	0

Data
124:	136	156 	4	-4	2	-2	4	2
156:	-8	0	-10	0	

--------------------
Cycle 41:	108	ADDI X10, X10, #4

Registers
X00:	0	0	0	0	0	0	0	0
X08:	0	152	172	1	4	0	2	4
X16:	0	0	0	0	0	0	0	0
X24:	0	0	0	0	0	0	0	0

Data
124:	136	156 	4	-4	2	-2	4	2
156:	-8	0	-10	0	

--------------------
Cycle 42:	112	SUBI X11, X11, #1

Registers
X00:	0	0	0	0	0	0	0	0
X08:	0	152	172	0	4	0	2	4
X16:	0	0	0	0	0	0	0	0
X24:	0	0	0	0	0	0	0	0

Data
124:	136	156 	4	-4	2	-2	4	2
156:	-8	0	-10	0	

--------------------
Cycle 43:	116	CBNZ X11, #-10

Registers
X00:	0	0	0	0	0	0	0	0
X08:	0	152	172	0	4	0	2	4
X16:	0	0	0	0	0	0	0	0
X24:	0	0	0	0	0	0	0	0

Data
124:	136	156 	4	-4	2	-2	4	2
156:	-8	0	-10	0	

--------------------
Cycle 44:	120	DUMMY

Registers
X00:	0	0	0	0	0	0	0	0
X08:	0	152	172	0	4	0	2	4
X16:	0	0	0	0	0	0	0	0
X24:	0	0	0	0	0	0	0	0

Data
124:	136	156 	4	-4	2	-2	4	2
156:	-8	0	-10	0	

