10010101010010011111100001111100
10010101010010101111100010000000
10010101010010111111100010000100
10010101010011000100100000000000
10010101010011010101000000000000
00110000011010000000000000000011
10010101010011101111100010011000
01110100111011000110001110000000
01110100010011110110001101000000
10010101011011110100100000000000
01010000100100101001000000000100
01010000100101001010000000000100
01010000110101101011000000000001
00110001010111111111111111110110
10100000000000000000000000000000
00000000000000000000000010001000
00000000000000000000000010011100
00000000000000000000000000000100
00000000000000000000000000000001
00000000000000000000000000000010
00000000000000000000000000000010
00000000000000000000000000000100
00000000000000000000000000000010
11111111111111111111111111111000
00000000000000000000000000000000
11111111111111111111111111110110
00000000000000000000000000000000
